327 258
331 187
230 270
660 538
326 115
330 116
327 241
345 225
204 271
311 276
204 282
312 291
341 275
402 273
336 283
394 280
495 72
525 90
471 147
532 152
626 131
678 135
622 166
693 159
464 207
537 205
483 266
537 276
565 205
635 194
574 256
622 243
188 304
293 339
189 405
275 401
350 328
415 343
357 398
400 385
243 451
282 442
239 522
286 529
335 454
378 463
333 514
380 497
450 312
472 310
452 325
474 325
546 304
662 304
549 311
652 309
445 353
457 345
443 470
453 456
510 347
626 340
499 446
602 426
